1	1	1.95157
1	2	1.95287
1	3	1.95367
1	4	1.95326
1	5	1.95294
1	6	1.95103
1	7	1.95139
1	8	1.95187
1	9	1.95247
1	10	1.9534
1	11	1.95454
1	12	1.95664
1	13	1.95972
1	14	1.96378
1	15	1.96845
1	16	1.97349

2	1	1.9324
2	2	1.93242
2	3	1.93242
2	4	1.93243
2	5	1.93194
2	6	1.93017
2	7	1.93029
2	8	1.93064
2	9	1.93108
2	10	1.93169
2	11	1.93307
2	12	1.93536
2	13	1.93887
2	14	1.944
2	15	1.95052
2	16	1.95747

3	1	1.91515
3	2	1.91516
3	3	1.91515
3	4	1.91518
3	5	1.91515
3	6	1.91331
3	7	1.91299
3	8	1.91324
3	9	1.91349
3	10	1.91393
3	11	1.91505
3	12	1.91703
3	13	1.92033
3	14	1.92574
3	15	1.9324
3	16	1.94076

4	1	1.91265
4	2	1.91266
4	3	1.91266
4	4	1.91267
4	5	1.9127
4	6	1.9125
4	7	1.91235
4	8	1.91247
4	9	1.91283
4	10	1.91326
4	11	1.91443
4	12	1.91637
4	13	1.91962
4	14	1.92478
4	15	1.93117
4	16	1.93875

5	1	1.91782
5	2	1.91792
5	3	1.91786
5	4	1.91793
5	5	1.91616
5	6	1.91577
5	7	1.91592
5	8	1.91612
5	9	1.91639
5	10	1.91688
5	11	1.91803
5	12	1.92014
5	13	1.92332
5	14	1.92807
5	15	1.93375
5	16	1.9408

6	1	1.91782
6	2	1.91792
6	3	1.91786
6	4	1.91793
6	5	1.91616
6	6	1.91577
6	7	1.91592
6	8	1.91612
6	9	1.91639
6	10	1.91688
6	11	1.91803
6	12	1.92014
6	13	1.92332
6	14	1.92807
6	15	1.93375
6	16	1.9408

7	1	1.91779
7	2	1.91786
7	3	1.91778
7	4	1.91783
7	5	1.91605
7	6	1.91579
7	7	1.91597
7	8	1.91616
7	9	1.91637
7	10	1.9169
7	11	1.91813
7	12	1.92011
7	13	1.92304
7	14	1.92753
7	15	1.93261
7	16	1.93905

8	1	1.91243
8	2	1.91244
8	3	1.91244
8	4	1.91245
8	5	1.91247
8	6	1.91233
8	7	1.91222
8	8	1.91235
8	9	1.91268
8	10	1.91314
8	11	1.9142
8	12	1.91602
8	13	1.91912
8	14	1.92387
8	15	1.9299
8	16	1.93683

9	1	1.91763
9	2	1.91764
9	3	1.91767
9	4	1.91767
9	5	1.9177
9	6	1.91774
9	7	1.91771
9	8	1.9178
9	9	1.91805
9	10	1.91855
9	11	1.91965
9	12	1.92137
9	13	1.92422
9	14	1.92842
9	15	1.93372
9	16	1.94032

10	1	1.91751
10	2	1.91752
10	3	1.91754
10	4	1.91755
10	5	1.91759
10	6	1.91763
10	7	1.91762
10	8	1.91771
10	9	1.91797
10	10	1.91843
10	11	1.91955
10	12	1.92118
10	13	1.92414
10	14	1.9282
10	15	1.93363
10	16	1.94015

11	1	1.91243
11	2	1.91244
11	3	1.91244
11	4	1.91245
11	5	1.91249
11	6	1.91242
11	7	1.91227
11	8	1.91237
11	9	1.91268
11	10	1.91321
11	11	1.9145
11	12	1.91673
11	13	1.92051
11	14	1.92644
11	15	1.93395
11	16	1.94286

12	1	1.933
12	2	1.93301
12	3	1.93301
12	4	1.93314
12	5	1.93319
12	6	1.93331
12	7	1.93334
12	8	1.93358
12	9	1.93402
12	10	1.93466
12	11	1.93568
12	12	1.93722
12	13	1.93961
12	14	1.94284
12	15	1.94686
12	16	1.95181