1	1	1.95934
1	2	1.95952
1	3	1.96025
1	4	1.96079
1	5	1.96207
1	6	1.96261
1	7	1.96625
1	8	1.96807
1	9	1.97207
1	10	1.97589
1	11	1.97808
1	12	1.98153
1	13	1.98554
1	14	1.98881
1	15	1.99409
1	16	1.99864

2	1	1.95533
2	2	1.9557
2	3	1.95588
2	4	1.95642
2	5	1.95624
2	6	1.95497
2	7	1.95697
2	8	1.96025
2	9	1.96388
2	10	1.96971
2	11	1.9728
2	12	1.97789
2	13	1.98135
2	14	1.98699
2	15	1.99227
2	16	1.99663

3	1	1.98681
3	2	1.98699
3	3	1.98717
3	4	1.9859
3	5	1.98572
3	6	1.98754
3	7	1.98845
3	8	1.99154
3	9	1.98936
3	10	1.9919
3	11	1.99336
3	12	1.99518
3	13	1.99645
3	14	1.99845
3	15	2.00155
3	16	2.003

4	1	1.98081
4	2	1.98117
4	3	1.98099
4	4	1.98135
4	5	1.98171
4	6	1.98299
4	7	1.98444
4	8	1.98645
4	9	1.98772
4	10	1.99136
4	11	1.99154
4	12	1.99354
4	13	1.99427
4	14	1.99773
4	15	1.99918
4	16	2.00246

5	1	2.00373
5	2	2.00318
5	3	2.00409
5	4	2.00519
5	5	2.00664
5	6	2.00682
5	7	2.00864
5	8	2.00864
5	9	2.00937
5	10	2.01064
5	11	2.00955
5	12	2.01192
5	13	2.01174
5	14	2.01101
5	15	2.00919
5	16	2.00846

6	1	2.00373
6	2	2.00318
6	3	2.00409
6	4	2.00519
6	5	2.00664
6	6	2.00682
6	7	2.00864
6	8	2.00864
6	9	2.00937
6	10	2.01064
6	11	2.00955
6	12	2.01192
6	13	2.01174
6	14	2.01101
6	15	2.00919
6	16	2.00846

7	1	2.00373
7	2	2.00282
7	3	2.00355
7	4	2.00537
7	5	2.00646
7	6	2.00664
7	7	2.00864
7	8	2.00919
7	9	2.00937
7	10	2.01083
7	11	2.00955
7	12	2.01174
7	13	2.01137
7	14	2.01083
7	15	2.00901
7	16	2.00846

8	1	1.98062
8	2	1.98099
8	3	1.98099
8	4	1.98153
8	5	1.98153
8	6	1.98281
8	7	1.98481
8	8	1.98645
8	9	1.98736
8	10	1.99063
8	11	1.99118
8	12	1.99263
8	13	1.99409
8	14	1.99754
8	15	1.99936
8	16	2.00246

9	1	1.98499
9	2	1.98554
9	3	1.98517
9	4	1.98626
9	5	1.98754
9	6	1.98899
9	7	1.99063
9	8	1.9919
9	9	1.99554
9	10	1.997
9	11	2.00009
9	12	1.99991
9	13	2.00227
9	14	2.00318
9	15	2.00737
9	16	2.00791

10	1	1.98353
10	2	1.9839
10	3	1.98372
10	4	1.98481
10	5	1.98572
10	6	1.9879
10	7	1.98954
10	8	1.99154
10	9	1.99318
10	10	1.99627
10	11	1.99809
10	12	1.99918
10	13	2.00082
10	14	2.00246
10	15	2.00682
10	16	2.00682

11	1	1.98062
11	2	1.98153
11	3	1.98117
11	4	1.98135
11	5	1.98171
11	6	1.98299
11	7	1.98463
11	8	1.98626
11	9	1.98772
11	10	1.99099
11	11	1.99209
11	12	1.99336
11	13	1.99481
11	14	1.99809
11	15	2.00009
11	16	2.00318

12	1	1.96407
12	2	1.97298
12	3	1.97153
12	4	1.97007
12	5	1.9708
12	6	1.97207
12	7	1.9748
12	8	1.97717
12	9	1.97971
12	10	1.98444
12	11	1.98663
12	12	1.99027
12	13	1.993
12	14	1.99645
12	15	2.001
12	16	2.00591