1	1	1.98099
1	2	1.98015
1	3	1.98015
1	4	1.98099
1	5	1.98184
1	6	1.98268
1	7	1.9831
1	8	1.98564
1	9	1.98817
1	10	1.99029
1	11	1.99451
1	12	1.9962
1	13	1.99831
1	14	2.00338
1	15	2.00591
1	16	2.00929

2	1	1.98817
2	2	1.98817
2	3	1.9886
2	4	1.98817
2	5	1.98902
2	6	1.99071
2	7	1.99029
2	8	1.99197
2	9	1.99535
2	10	1.99662
2	11	1.99831
2	12	2.00211
2	13	2.00296
2	14	2.00465
2	15	2.00845
2	16	2.01014

3	1	2.01859
3	2	2.01985
3	3	2.01859
3	4	2.01985
3	5	2.02239
3	6	2.02112
3	7	2.0207
3	8	2.02112
3	9	2.02323
3	10	2.02154
3	11	2.02027
3	12	2.02239
3	13	2.02112
3	14	2.01859
3	15	2.01901
3	16	2.01774

4	1	2.01901
4	2	2.01901
4	3	2.01901
4	4	2.01901
4	5	2.02112
4	6	2.01985
4	7	2.01943
4	8	2.01859
4	9	2.01943
4	10	2.01943
4	11	2.0207
4	12	2.02112
4	13	2.02027
4	14	2.01859
4	15	2.0207
4	16	2.01985

5	1	2.01394
5	2	2.01394
5	3	2.01478
5	4	2.01521
5	5	2.01563
5	6	2.01816
5	7	2.02196
5	8	2.02534
5	9	2.02703
5	10	2.02999
5	11	2.03041
5	12	2.02914
5	13	2.02703
5	14	2.02408
5	15	2.02239
5	16	2.01774

6	1	2.01394
6	2	2.01394
6	3	2.01478
6	4	2.01521
6	5	2.01563
6	6	2.01816
6	7	2.02196
6	8	2.02534
6	9	2.02703
6	10	2.02999
6	11	2.03041
6	12	2.02914
6	13	2.02703
6	14	2.02408
6	15	2.02239
6	16	2.01774

7	1	2.01394
7	2	2.01394
7	3	2.01521
7	4	2.01521
7	5	2.01605
7	6	2.01816
7	7	2.02196
7	8	2.0245
7	9	2.02703
7	10	2.02999
7	11	2.02957
7	12	2.02872
7	13	2.02788
7	14	2.0245
7	15	2.02239
7	16	2.01774

8	1	2.01943
8	2	2.01943
8	3	2.01901
8	4	2.01901
8	5	2.02154
8	6	2.02027
8	7	2.01943
8	8	2.01859
8	9	2.01985
8	10	2.01943
8	11	2.01985
8	12	2.02112
8	13	2.01985
8	14	2.01816
8	15	2.02027
8	16	2.01943

9	1	2.02408
9	2	2.02534
9	3	2.02534
9	4	2.02577
9	5	2.02534
9	6	2.02577
9	7	2.02661
9	8	2.02619
9	9	2.02703
9	10	2.02703
9	11	2.02746
9	12	2.02746
9	13	2.02957
9	14	2.02999
9	15	2.0321
9	16	2.03295

10	1	2.02154
10	2	2.02154
10	3	2.02281
10	4	2.02281
10	5	2.02239
10	6	2.02281
10	7	2.02365
10	8	2.02239
10	9	2.02365
10	10	2.0245
10	11	2.02492
10	12	2.02492
10	13	2.02746
10	14	2.02788
10	15	2.02914
10	16	2.02999

11	1	2.01943
11	2	2.0207
11	3	2.01985
11	4	2.0207
11	5	2.02281
11	6	2.02112
11	7	2.01985
11	8	2.01901
11	9	2.0207
11	10	2.01985
11	11	2.02027
11	12	2.02196
11	13	2.02027
11	14	2.01901
11	15	2.0207
11	16	2.01985

12	1	1.99704
12	2	1.99831
12	3	2.00127
12	4	2.00211
12	5	2.0038
12	6	2.00549
12	7	2.00845
12	8	2.0114
12	9	2.01225
12	10	2.01521
12	11	2.0169
12	12	2.01901
12	13	2.02323
12	14	2.02703
12	15	2.02914
12	16	2.02999