
1	1	1.50595
1	2	1.50672
1	3	1.49307
1	4	1.48912
1	5	1.48736
1	6	1.48248
1	7	1.48149
1	8	1.48127
1	9	1.47949
1	10	1.47906
1	11	1.47892
1	12	1.47844
1	13	1.47837
1	14	1.47848
1	15	1.4788
1	16	1.47958

2	1	1.50461
2	2	1.50493
2	3	1.49193
2	4	1.48766
2	5	1.4861
2	6	1.4812
2	7	1.48008
2	8	1.47986
2	9	1.47815
2	10	1.47762
2	11	1.47748
2	12	1.47706
2	13	1.477
2	14	1.47712
2	15	1.47747
2	16	1.47833

3	1	1.49998
3	2	1.50106
3	3	1.48649
3	4	1.48372
3	5	1.48166
3	6	1.47654
3	7	1.47595
3	8	1.4756
3	9	1.4737
3	10	1.47344
3	11	1.47317
3	12	1.47271
3	13	1.47269
3	14	1.47284
3	15	1.47323
3	16	1.47404

4	1	1.45827
4	2	1.45641
4	3	1.44603
4	4	1.43872
4	5	1.43792
4	6	1.43328
4	7	1.43083
4	8	1.43049
4	9	1.42863
4	10	1.42806
4	11	1.4277
4	12	1.4271
4	13	1.42686
4	14	1.42679
4	15	1.427
4	16	1.42767

5	1	1.46611
5	2	1.46566
5	3	1.44956
5	4	1.44327
5	5	1.44032
5	6	1.43457
5	7	1.43265
5	8	1.43212
5	9	1.4302
5	10	1.42951
5	11	1.42924
5	12	1.42877
5	13	1.4287
5	14	1.42886
5	15	1.42928
5	16	1.43018

6	1	1.46611
6	2	1.46566
6	3	1.44956
6	4	1.44327
6	5	1.44032
6	6	1.43457
6	7	1.43265
6	8	1.43212
6	9	1.4302
6	10	1.42951
6	11	1.42924
6	12	1.42877
6	13	1.4287
6	14	1.42886
6	15	1.42928
6	16	1.43018

7	1	1.47126
7	2	1.4722
7	3	1.45615
7	4	1.44796
7	5	1.44608
7	6	1.44039
7	7	1.4379
7	8	1.43788
7	9	1.43617
7	10	1.43534
7	11	1.43518
7	12	1.43477
7	13	1.43468
7	14	1.43488
7	15	1.43521
7	16	1.43603

8	1	1.45995
8	2	1.45649
8	3	1.44952
8	4	1.44062
8	5	1.44056
8	6	1.43705
8	7	1.4349
8	8	1.43516
8	9	1.43351
8	10	1.43277
8	11	1.43245
8	12	1.43181
8	13	1.43156
8	14	1.43151
8	15	1.43165
8	16	1.43221

9	1	1.44758
9	2	1.43447
9	3	1.43452
9	4	1.43133
9	5	1.4286
9	6	1.4272
9	7	1.42579
9	8	1.42512
9	9	1.42474
9	10	1.42396
9	11	1.42365
9	12	1.42346
9	13	1.42333
9	14	1.42338
9	15	1.42356
9	16	1.42405

10	1	1.45119
10	2	1.43845
10	3	1.439
10	4	1.4356
10	5	1.43319
10	6	1.43131
10	7	1.42978
10	8	1.42899
10	9	1.42872
10	10	1.42791
10	11	1.42761
10	12	1.42743
10	13	1.42728
10	14	1.42734
10	15	1.42752
10	16	1.42796

11	1	1.45438
11	2	1.45356
11	3	1.44501
11	4	1.43881
11	5	1.43824
11	6	1.43528
11	7	1.43372
11	8	1.43328
11	9	1.4319
11	10	1.43093
11	11	1.43045
11	12	1.4298
11	13	1.42949
11	14	1.42941
11	15	1.42958
11	16	1.43033

12	1	1.45305
12	2	1.43343
12	3	1.43548
12	4	1.43254
12	5	1.42964
12	6	1.42889
12	7	1.42774
12	8	1.42667
12	9	1.42669
12	10	1.42615
12	11	1.42571
12	12	1.42535
12	13	1.42523
12	14	1.42526
12	15	1.42549
12	16	1.42614