1	1	1.92902
1	2	1.90372
1	3	1.89777
1	4	1.89792
1	5	1.89631
1	6	1.89143
1	7	1.89196
1	8	1.8913
1	9	1.88956
1	10	1.88966
1	11	1.88957
1	12	1.88909
1	13	1.8892
1	14	1.88954
1	15	1.89016
1	16	1.89144

2	1	1.92435
2	2	1.89875
2	3	1.89374
2	4	1.89367
2	5	1.89264
2	6	1.88745
2	7	1.88788
2	8	1.8873
2	9	1.88565
2	10	1.88566
2	11	1.88561
2	12	1.88526
2	13	1.8855
2	14	1.88607
2	15	1.88708
2	16	1.88892

3	1	1.90134
3	2	1.88066
3	3	1.87295
3	4	1.87283
3	5	1.87255
3	6	1.8674
3	7	1.86747
3	8	1.86753
3	9	1.8656
3	10	1.86512
3	11	1.86523
3	12	1.86481
3	13	1.86483
3	14	1.86534
3	15	1.86625
3	16	1.86819

4	1	1.88209
4	2	1.87726
4	3	1.87052
4	4	1.86796
4	5	1.86766
4	6	1.86453
4	7	1.86301
4	8	1.86281
4	9	1.8615
4	10	1.86057
4	11	1.86053
4	12	1.86018
4	13	1.86029
4	14	1.86096
4	15	1.86252
4	16	1.86539

5	1	1.8971
5	2	1.88072
5	3	1.87322
5	4	1.87107
5	5	1.87053
5	6	1.86607
5	7	1.86517
5	8	1.86482
5	9	1.86317
5	10	1.86244
5	11	1.86233
5	12	1.86205
5	13	1.86223
5	14	1.86309
5	15	1.86486
5	16	1.86812

6	1	1.8971
6	2	1.88072
6	3	1.87322
6	4	1.87107
6	5	1.87053
6	6	1.86607
6	7	1.86517
6	8	1.86482
6	9	1.86317
6	10	1.86244
6	11	1.86233
6	12	1.86205
6	13	1.86223
6	14	1.86309
6	15	1.86486
6	16	1.86812

7	1	1.89488
7	2	1.8773
7	3	1.87168
7	4	1.87067
7	5	1.87037
7	6	1.86578
7	7	1.86553
7	8	1.86528
7	9	1.86368
7	10	1.86307
7	11	1.86317
7	12	1.86289
7	13	1.86304
7	14	1.86384
7	15	1.8653
7	16	1.86795

8	1	1.87729
8	2	1.87329
8	3	1.86815
8	4	1.86666
8	5	1.86667
8	6	1.86396
8	7	1.86247
8	8	1.86266
8	9	1.86143
8	10	1.86066
8	11	1.86073
8	12	1.86042
8	13	1.86055
8	14	1.8612
8	15	1.86252
8	16	1.8649

9	1	1.86092
9	2	1.86105
9	3	1.86089
9	4	1.85836
9	5	1.85759
9	6	1.85744
9	7	1.85641
9	8	1.85613
9	9	1.85583
9	10	1.85545
9	11	1.85539
9	12	1.85538
9	13	1.85567
9	14	1.85639
9	15	1.85787
9	16	1.86033

10	1	1.86401
10	2	1.86405
10	3	1.86407
10	4	1.86171
10	5	1.86109
10	6	1.86089
10	7	1.85994
10	8	1.85965
10	9	1.85948
10	10	1.85907
10	11	1.85901
10	12	1.85903
10	13	1.85932
10	14	1.86001
10	15	1.86145
10	16	1.8639

11	1	1.87919
11	2	1.87659
11	3	1.87094
11	4	1.86769
11	5	1.86694
11	6	1.86443
11	7	1.86277
11	8	1.86254
11	9	1.8614
11	10	1.86052
11	11	1.8604
11	12	1.86014
11	13	1.86023
11	14	1.861
11	15	1.86268
11	16	1.86581

12	1	1.86553
12	2	1.86485
12	3	1.86381
12	4	1.86233
12	5	1.86245
12	6	1.86234
12	7	1.86146
12	8	1.86147
12	9	1.86143
12	10	1.86108
12	11	1.86123
12	12	1.86146
12	13	1.86179
12	14	1.8625
12	15	1.86363
12	16	1.86545