1	1	1.61777
1	2	1.60197
1	3	1.59995
1	4	1.59352
1	5	1.58993
1	6	1.58746
1	7	1.58626
1	8	1.58458
1	9	1.58337
1	10	1.58307
1	11	1.58293
1	12	1.58278
1	13	1.58312
1	14	1.58386
1	15	1.58512
1	16	1.58735

2	1	1.61397
2	2	1.59757
2	3	1.59586
2	4	1.58933
2	5	1.58565
2	6	1.58292
2	7	1.58189
2	8	1.57985
2	9	1.57858
2	10	1.57826
2	11	1.57799
2	12	1.57776
2	13	1.57798
2	14	1.57857
2	15	1.5797
2	16	1.58193

3	1	1.61052
3	2	1.59513
3	3	1.59422
3	4	1.58658
3	5	1.58336
3	6	1.58086
3	7	1.57956
3	8	1.57756
3	9	1.57637
3	10	1.57603
3	11	1.57569
3	12	1.57541
3	13	1.57563
3	14	1.57617
3	15	1.57732
3	16	1.57944

4	1	1.58299
4	2	1.56551
4	3	1.56325
4	4	1.55639
4	5	1.55126
4	6	1.54793
4	7	1.54637
4	8	1.54393
4	9	1.54252
4	10	1.54215
4	11	1.54169
4	12	1.54142
4	13	1.54176
4	14	1.54248
4	15	1.54376
4	16	1.54615

5	1	1.59087
5	2	1.56543
5	3	1.56428
5	4	1.55782
5	5	1.5515
5	6	1.54778
5	7	1.54654
5	8	1.54445
5	9	1.54287
5	10	1.54263
5	11	1.54232
5	12	1.54195
5	13	1.54229
5	14	1.54293
5	15	1.5442
5	16	1.54648

6	1	1.59087
6	2	1.56543
6	3	1.56428
6	4	1.55782
6	5	1.5515
6	6	1.54778
6	7	1.54654
6	8	1.54445
6	9	1.54287
6	10	1.54263
6	11	1.54232
6	12	1.54195
6	13	1.54229
6	14	1.54293
6	15	1.5442
6	16	1.54648

7	1	1.59215
7	2	1.56629
7	3	1.56679
7	4	1.56114
7	5	1.55407
7	6	1.5507
7	7	1.55036
7	8	1.54822
7	9	1.54681
7	10	1.54668
7	11	1.54645
7	12	1.54609
7	13	1.54641
7	14	1.54703
7	15	1.54817
7	16	1.55024

8	1	1.58005
8	2	1.56383
8	3	1.56226
8	4	1.55697
8	5	1.55158
8	6	1.5487
8	7	1.54816
8	8	1.54569
8	9	1.54434
8	10	1.54409
8	11	1.54377
8	12	1.54352
8	13	1.54397
8	14	1.54469
8	15	1.54591
8	16	1.54811

9	1	1.56382
9	2	1.55119
9	3	1.54623
9	4	1.54598
9	5	1.5447
9	6	1.54297
9	7	1.54228
9	8	1.5418
9	9	1.54109
9	10	1.54097
9	11	1.54103
9	12	1.5411
9	13	1.54161
9	14	1.5425
9	15	1.54393
9	16	1.54617

10	1	1.56379
10	2	1.55219
10	3	1.54737
10	4	1.54714
10	5	1.54601
10	6	1.54434
10	7	1.54377
10	8	1.54336
10	9	1.54264
10	10	1.5426
10	11	1.54259
10	12	1.54275
10	13	1.54331
10	14	1.54419
10	15	1.54565
10	16	1.5479

11	1	1.58005
11	2	1.56562
11	3	1.56225
11	4	1.55643
11	5	1.55204
11	6	1.54888
11	7	1.54685
11	8	1.54444
11	9	1.54322
11	10	1.54268
11	11	1.54211
11	12	1.54182
11	13	1.54207
11	14	1.54271
11	15	1.544
11	16	1.54648

12	1	1.56752
12	2	1.55568
12	3	1.55219
12	4	1.55297
12	5	1.55359
12	6	1.55232
12	7	1.55225
12	8	1.55271
12	9	1.55313
12	10	1.55332
12	11	1.55377
12	12	1.55433
12	13	1.5549
12	14	1.55571
12	15	1.55659
12	16	1.558