1	1	1.96321
1	2	1.95193
1	3	1.92382
1	4	1.92028
1	5	1.91977
1	6	1.91999
1	7	1.91876
1	8	1.91746
1	9	1.91722
1	10	1.91716
1	11	1.91722
1	12	1.91766
1	13	1.9187
1	14	1.92056
1	15	1.92337
1	16	1.92753

2	1	1.95021
2	2	1.9419
2	3	1.91303
2	4	1.90839
2	5	1.90766
2	6	1.90778
2	7	1.90677
2	8	1.90527
2	9	1.90481
2	10	1.90472
2	11	1.90459
2	12	1.90493
2	13	1.90588
2	14	1.90795
2	15	1.91113
2	16	1.91622

3	1	1.93517
3	2	1.92306
3	3	1.89688
3	4	1.89322
3	5	1.89271
3	6	1.8928
3	7	1.89096
3	8	1.89005
3	9	1.88914
3	10	1.88891
3	11	1.88883
3	12	1.88894
3	13	1.88983
3	14	1.89176
3	15	1.89516
3	16	1.90067

4	1	1.90136
4	2	1.90142
4	3	1.89529
4	4	1.89252
4	5	1.89193
4	6	1.89168
4	7	1.89065
4	8	1.88941
4	9	1.88835
4	10	1.88826
4	11	1.8881
4	12	1.8883
4	13	1.88923
4	14	1.8912
4	15	1.89449
4	16	1.89966

5	1	1.93626
5	2	1.92304
5	3	1.89617
5	4	1.89372
5	5	1.89346
5	6	1.89343
5	7	1.89146
5	8	1.89065
5	9	1.88962
5	10	1.8895
5	11	1.88935
5	12	1.88944
5	13	1.89039
5	14	1.89228
5	15	1.89543
5	16	1.90056

6	1	1.93626
6	2	1.92304
6	3	1.89617
6	4	1.89372
6	5	1.89346
6	6	1.89343
6	7	1.89146
6	8	1.89065
6	9	1.88962
6	10	1.8895
6	11	1.88935
6	12	1.88944
6	13	1.89039
6	14	1.89228
6	15	1.89543
6	16	1.90056

7	1	1.93658
7	2	1.92232
7	3	1.89496
7	4	1.89336
7	5	1.89346
7	6	1.89362
7	7	1.89181
7	8	1.89095
7	9	1.89011
7	10	1.88993
7	11	1.88975
7	12	1.8899
7	13	1.89076
7	14	1.89243
7	15	1.89518
7	16	1.89945

8	1	1.89935
8	2	1.89913
8	3	1.89385
8	4	1.89187
8	5	1.8916
8	6	1.89154
8	7	1.89081
8	8	1.8895
8	9	1.88854
8	10	1.88847
8	11	1.88827
8	12	1.88842
8	13	1.88939
8	14	1.89125
8	15	1.89413
8	16	1.89856

9	1	1.89499
9	2	1.89602
9	3	1.89562
9	4	1.89366
9	5	1.89309
9	6	1.8928
9	7	1.89255
9	8	1.89205
9	9	1.89142
9	10	1.89141
9	11	1.89146
9	12	1.89171
9	13	1.8926
9	14	1.89438
9	15	1.897
9	16	1.90122

10	1	1.89443
10	2	1.89527
10	3	1.89553
10	4	1.89355
10	5	1.89295
10	6	1.89266
10	7	1.89255
10	8	1.89201
10	9	1.89157
10	10	1.8915
10	11	1.8915
10	12	1.89176
10	13	1.89268
10	14	1.89446
10	15	1.8971
10	16	1.90128

11	1	1.89928
11	2	1.90175
11	3	1.89785
11	4	1.8936
11	5	1.89227
11	6	1.89157
11	7	1.89038
11	8	1.88931
11	9	1.88799
11	10	1.88782
11	11	1.88766
11	12	1.88782
11	13	1.88894
11	14	1.89139
11	15	1.89565
11	16	1.90228

12	1	1.91009
12	2	1.91033
12	3	1.90955
12	4	1.90856
12	5	1.90843
12	6	1.90842
12	7	1.90846
12	8	1.90792
12	9	1.90751
12	10	1.90755
12	11	1.90779
12	12	1.90817
12	13	1.90904
12	14	1.91055
12	15	1.91266
12	16	1.91573