1	1	1.89237
1	2	1.85887
1	3	1.84979
1	4	1.84945
1	5	1.84646
1	6	1.84194
1	7	1.84172
1	8	1.84064
1	9	1.83856
1	10	1.83847
1	11	1.83773
1	12	1.83708
1	13	1.837
1	14	1.83671
1	15	1.83659
1	16	1.83673

2	1	1.89028
2	2	1.85733
2	3	1.84841
2	4	1.84783
2	5	1.84522
2	6	1.84054
2	7	1.84027
2	8	1.83925
2	9	1.83717
2	10	1.83707
2	11	1.83638
2	12	1.83572
2	13	1.83562
2	14	1.83539
2	15	1.83528
2	16	1.83544

3	1	1.8826
3	2	1.85088
3	3	1.84113
3	4	1.84054
3	5	1.838
3	6	1.833
3	7	1.83275
3	8	1.83174
3	9	1.82942
3	10	1.8294
3	11	1.82864
3	12	1.82792
3	13	1.82784
3	14	1.82755
3	15	1.82743
3	16	1.82758

4	1	1.85154
4	2	1.84133
4	3	1.82982
4	4	1.82591
4	5	1.82506
4	6	1.82089
4	7	1.81963
4	8	1.8191
4	9	1.81701
4	10	1.81649
4	11	1.81592
4	12	1.81507
4	13	1.81478
4	14	1.81442
4	15	1.81412
4	16	1.81417

5	1	1.88198
5	2	1.85004
5	3	1.83565
5	4	1.83262
5	5	1.82888
5	6	1.82309
5	7	1.82205
5	8	1.8207
5	9	1.81783
5	10	1.8175
5	11	1.81666
5	12	1.81562
5	13	1.81542
5	14	1.81508
5	15	1.81484
5	16	1.815

6	1	1.88198
6	2	1.85004
6	3	1.83565
6	4	1.83262
6	5	1.82888
6	6	1.82309
6	7	1.82205
6	8	1.8207
6	9	1.81783
6	10	1.8175
6	11	1.81666
6	12	1.81562
6	13	1.81542
6	14	1.81508
6	15	1.81484
6	16	1.815

7	1	1.88304
7	2	1.85264
7	3	1.83638
7	4	1.83302
7	5	1.82966
7	6	1.82329
7	7	1.82218
7	8	1.8209
7	9	1.81801
7	10	1.81759
7	11	1.81687
7	12	1.8157
7	13	1.81553
7	14	1.81518
7	15	1.81488
7	16	1.81502

8	1	1.84816
8	2	1.8414
8	3	1.83021
8	4	1.82582
8	5	1.8252
8	6	1.82152
8	7	1.81993
8	8	1.81972
8	9	1.8178
8	10	1.81715
8	11	1.81685
8	12	1.81586
8	13	1.81559
8	14	1.81526
8	15	1.81492
8	16	1.81496

9	1	1.8221
9	2	1.82204
9	3	1.82176
9	4	1.81772
9	5	1.8165
9	6	1.81619
9	7	1.8145
9	8	1.81403
9	9	1.81367
9	10	1.81277
9	11	1.81267
9	12	1.8123
9	13	1.81192
9	14	1.81182
9	15	1.81166
9	16	1.81172

10	1	1.82467
10	2	1.82455
10	3	1.82387
10	4	1.81983
10	5	1.81875
10	6	1.81838
10	7	1.81664
10	8	1.81622
10	9	1.81577
10	10	1.81482
10	11	1.81473
10	12	1.81434
10	13	1.81396
10	14	1.81385
10	15	1.81369
10	16	1.81372

11	1	1.84759
11	2	1.83952
11	3	1.82941
11	4	1.82638
11	5	1.82598
11	6	1.82279
11	7	1.82164
11	8	1.82127
11	9	1.81978
11	10	1.8193
11	11	1.81888
11	12	1.81817
11	13	1.81789
11	14	1.81761
11	15	1.81741
11	16	1.81754

12	1	1.8238
12	2	1.82316
12	3	1.82168
12	4	1.81858
12	5	1.81835
12	6	1.81821
12	7	1.81667
12	8	1.81653
12	9	1.81624
12	10	1.81541
12	11	1.81544
12	12	1.81506
12	13	1.81477
12	14	1.81471
12	15	1.81456
12	16	1.81466