1	1	1.8992
1	2	1.89799
1	3	1.89144
1	4	1.88857
1	5	1.88818
1	6	1.88637
1	7	1.88544
1	8	1.88498
1	9	1.88407
1	10	1.88432
1	11	1.88497
1	12	1.88613
1	13	1.8887
1	14	1.89267
1	15	1.89808
1	16	1.90512

2	1	1.8863
2	2	1.88532
2	3	1.87932
2	4	1.87644
2	5	1.87544
2	6	1.87435
2	7	1.87323
2	8	1.87279
2	9	1.87227
2	10	1.87253
2	11	1.87325
2	12	1.8744
2	13	1.87679
2	14	1.88087
2	15	1.88624
2	16	1.89401

3	1	1.86472
3	2	1.86351
3	3	1.85849
3	4	1.85386
3	5	1.85263
3	6	1.85223
3	7	1.85046
3	8	1.8498
3	9	1.84875
3	10	1.84863
3	11	1.84901
3	12	1.8496
3	13	1.85176
3	14	1.85535
3	15	1.86068
3	16	1.86857

4	1	1.85707
4	2	1.85695
4	3	1.85342
4	4	1.85104
4	5	1.85094
4	6	1.84945
4	7	1.8481
4	8	1.84743
4	9	1.84633
4	10	1.8463
4	11	1.84698
4	12	1.84804
4	13	1.85066
4	14	1.85459
4	15	1.86013
4	16	1.86817

5	1	1.86656
5	2	1.86634
5	3	1.85916
5	4	1.85499
5	5	1.85449
5	6	1.85324
5	7	1.85144
5	8	1.85081
5	9	1.84947
5	10	1.8494
5	11	1.84994
5	12	1.85073
5	13	1.853
5	14	1.85692
5	15	1.86229
5	16	1.87022

6	1	1.86656
6	2	1.86634
6	3	1.85916
6	4	1.85499
6	5	1.85449
6	6	1.85324
6	7	1.85144
6	8	1.85081
6	9	1.84947
6	10	1.8494
6	11	1.84994
6	12	1.85073
6	13	1.853
6	14	1.85692
6	15	1.86229
6	16	1.87022

7	1	1.86633
7	2	1.86617
7	3	1.85842
7	4	1.85465
7	5	1.85442
7	6	1.85323
7	7	1.85138
7	8	1.85077
7	9	1.84967
7	10	1.84965
7	11	1.85015
7	12	1.85096
7	13	1.85299
7	14	1.85671
7	15	1.8614
7	16	1.86842

8	1	1.85482
8	2	1.85488
8	3	1.85105
8	4	1.84945
8	5	1.84949
8	6	1.84803
8	7	1.8468
8	8	1.84619
8	9	1.84532
8	10	1.84536
8	11	1.84607
8	12	1.84722
8	13	1.84958
8	14	1.8535
8	15	1.85843
8	16	1.8657

9	1	1.85125
9	2	1.85183
9	3	1.84882
9	4	1.84801
9	5	1.84768
9	6	1.84695
9	7	1.84702
9	8	1.84686
9	9	1.84657
9	10	1.84681
9	11	1.84752
9	12	1.84877
9	13	1.85103
9	14	1.8548
9	15	1.85987
9	16	1.86676

10	1	1.85095
10	2	1.85157
10	3	1.8488
10	4	1.8482
10	5	1.84776
10	6	1.84718
10	7	1.8472
10	8	1.8471
10	9	1.84689
10	10	1.8471
10	11	1.84779
10	12	1.84911
10	13	1.85133
10	14	1.85515
10	15	1.86028
10	16	1.86717

11	1	1.85609
11	2	1.85555
11	3	1.85247
11	4	1.84994
11	5	1.84975
11	6	1.84847
11	7	1.84686
11	8	1.84623
11	9	1.84534
11	10	1.84519
11	11	1.84577
11	12	1.84693
11	13	1.84966
11	14	1.85416
11	15	1.86045
11	16	1.86946

12	1	1.86298
12	2	1.86316
12	3	1.86143
12	4	1.86044
12	5	1.86028
12	6	1.85973
12	7	1.85931
12	8	1.85932
12	9	1.85915
12	10	1.85929
12	11	1.85964
12	12	1.86039
12	13	1.86182
12	14	1.86435
12	15	1.86762
12	16	1.87292