1	1	1.89212
1	2	1.88721
1	3	1.86745
1	4	1.85367
1	5	1.85273
1	6	1.85273
1	7	1.85287
1	8	1.85213
1	9	1.85286
1	10	1.85461
1	11	1.85673
1	12	1.86009
1	13	1.86519
1	14	1.87169
1	15	1.87969
1	16	1.88769

2	1	1.87542
2	2	1.86168
2	3	1.83998
2	4	1.82619
2	5	1.82494
2	6	1.82491
2	7	1.82529
2	8	1.82399
2	9	1.82458
2	10	1.82564
2	11	1.82737
2	12	1.83059
2	13	1.83628
2	14	1.84415
2	15	1.85412
2	16	1.8654

3	1	1.8468
3	2	1.83601
3	3	1.8086
3	4	1.79844
3	5	1.79728
3	6	1.79712
3	7	1.7967
3	8	1.79569
3	9	1.79573
3	10	1.79611
3	11	1.79694
3	12	1.79892
3	13	1.80275
3	14	1.80923
3	15	1.81847
3	16	1.83071

4	1	1.81223
4	2	1.8107
4	3	1.8037
4	4	1.79769
4	5	1.79618
4	6	1.79581
4	7	1.79572
4	8	1.79462
4	9	1.79471
4	10	1.79501
4	11	1.79597
4	12	1.79781
4	13	1.80163
4	14	1.80833
4	15	1.81785
4	16	1.83061

5	1	1.84958
5	2	1.83612
5	3	1.80767
5	4	1.80038
5	5	1.79905
5	6	1.79886
5	7	1.79829
5	8	1.79754
5	9	1.7977
5	10	1.798
5	11	1.79874
5	12	1.80063
5	13	1.80412
5	14	1.81007
5	15	1.81909
5	16	1.83121

6	1	1.84958
6	2	1.83612
6	3	1.80767
6	4	1.80038
6	5	1.79905
6	6	1.79886
6	7	1.79829
6	8	1.79754
6	9	1.7977
6	10	1.798
6	11	1.79874
6	12	1.80063
6	13	1.80412
6	14	1.81007
6	15	1.81909
6	16	1.83121

7	1	1.84958
7	2	1.83602
7	3	1.80718
7	4	1.80008
7	5	1.79914
7	6	1.79907
7	7	1.79828
7	8	1.79774
7	9	1.79784
7	10	1.79816
7	11	1.79895
7	12	1.80067
7	13	1.80404
7	14	1.80964
7	15	1.81831
7	16	1.8297

8	1	1.80829
8	2	1.80765
8	3	1.80242
8	4	1.79716
8	5	1.79597
8	6	1.79578
8	7	1.7957
8	8	1.79459
8	9	1.79468
8	10	1.79504
8	11	1.7959
8	12	1.79774
8	13	1.80138
8	14	1.80787
8	15	1.81707
8	16	1.8292

9	1	1.80256
9	2	1.80454
9	3	1.80443
9	4	1.80227
9	5	1.80089
9	6	1.80048
9	7	1.80054
9	8	1.8004
9	9	1.80053
9	10	1.80107
9	11	1.80215
9	12	1.80416
9	13	1.80786
9	14	1.81409
9	15	1.82328
9	16	1.83515

10	1	1.80229
10	2	1.80441
10	3	1.80432
10	4	1.80234
10	5	1.80097
10	6	1.80054
10	7	1.80059
10	8	1.8005
10	9	1.80059
10	10	1.80114
10	11	1.8022
10	12	1.8042
10	13	1.80795
10	14	1.81419
10	15	1.82317
10	16	1.83508

11	1	1.80829
11	2	1.80787
11	3	1.80312
11	4	1.79791
11	5	1.7961
11	6	1.79561
11	7	1.79544
11	8	1.79436
11	9	1.79428
11	10	1.79463
11	11	1.79545
11	12	1.79737
11	13	1.80141
11	14	1.80871
11	15	1.81902
11	16	1.83308

12	1	1.82257
12	2	1.82406
12	3	1.82363
12	4	1.82246
12	5	1.82156
12	6	1.82128
12	7	1.82163
12	8	1.82185
12	9	1.82252
12	10	1.82383
12	11	1.82604
12	12	1.82965
12	13	1.83449
12	14	1.84162
12	15	1.85041
12	16	1.86003