1	1	1.70769
1	2	1.69896
1	3	1.70115
1	4	1.68345
1	5	1.68146
1	6	1.67933
1	7	1.67465
1	8	1.67394
1	9	1.6732
1	10	1.67139
1	11	1.67107
1	12	1.67061
1	13	1.67002
1	14	1.66986
1	15	1.66972
1	16	1.66971

2	1	1.70738
2	2	1.69867
2	3	1.70087
2	4	1.68333
2	5	1.68131
2	6	1.67923
2	7	1.67463
2	8	1.67387
2	9	1.67313
2	10	1.67144
2	11	1.67105
2	12	1.6706
2	13	1.67002
2	14	1.66984
2	15	1.66972
2	16	1.6697

3	1	1.7017
3	2	1.69508
3	3	1.69647
3	4	1.67971
3	5	1.67838
3	6	1.67586
3	7	1.67109
3	8	1.6708
3	9	1.66976
3	10	1.66792
3	11	1.66768
3	12	1.66708
3	13	1.66648
3	14	1.66636
3	15	1.66619
3	16	1.66623

4	1	1.67274
4	2	1.65021
4	3	1.64773
4	4	1.64296
4	5	1.6359
4	6	1.63519
4	7	1.63212
4	8	1.63011
4	9	1.62962
4	10	1.62803
4	11	1.62708
4	12	1.62646
4	13	1.62564
4	14	1.6251
4	15	1.62471
4	16	1.62448

5	1	1.68388
5	2	1.67126
5	3	1.67038
5	4	1.65101
5	5	1.64683
5	6	1.64401
5	7	1.63811
5	8	1.63657
5	9	1.63545
5	10	1.63308
5	11	1.63241
5	12	1.63176
5	13	1.63089
5	14	1.63059
5	15	1.63041
5	16	1.63041

6	1	1.68388
6	2	1.67126
6	3	1.67038
6	4	1.65101
6	5	1.64683
6	6	1.64401
6	7	1.63811
6	8	1.63657
6	9	1.63545
6	10	1.63308
6	11	1.63241
6	12	1.63176
6	13	1.63089
6	14	1.63059
6	15	1.63041
6	16	1.63041

7	1	1.68724
7	2	1.67231
7	3	1.6704
7	4	1.65184
7	5	1.64648
7	6	1.64398
7	7	1.63784
7	8	1.63595
7	9	1.63502
7	10	1.63269
7	11	1.63179
7	12	1.63121
7	13	1.63027
7	14	1.62995
7	15	1.62975
7	16	1.62971

8	1	1.67672
8	2	1.6492
8	3	1.64557
8	4	1.64329
8	5	1.63466
8	6	1.63409
8	7	1.6318
8	8	1.6292
8	9	1.62902
8	10	1.62762
8	11	1.62646
8	12	1.62601
8	13	1.62522
8	14	1.62462
8	15	1.62425
8	16	1.62398

9	1	1.64574
9	2	1.63711
9	3	1.62963
9	4	1.62936
9	5	1.62664
9	6	1.62433
9	7	1.62337
9	8	1.62205
9	9	1.62098
9	10	1.62056
9	11	1.61963
9	12	1.61923
9	13	1.61872
9	14	1.6183
9	15	1.61805
9	16	1.61793

10	1	1.65058
10	2	1.63972
10	3	1.63257
10	4	1.63247
10	5	1.62933
10	6	1.62724
10	7	1.62602
10	8	1.62469
10	9	1.62358
10	10	1.62318
10	11	1.62223
10	12	1.62177
10	13	1.62127
10	14	1.62082
10	15	1.62057
10	16	1.62042

11	1	1.67297
11	2	1.65016
11	3	1.64851
11	4	1.64694
11	5	1.63974
11	6	1.63916
11	7	1.63725
11	8	1.63548
11	9	1.63496
11	10	1.63382
11	11	1.63298
11	12	1.6325
11	13	1.63179
11	14	1.63139
11	15	1.63112
11	16	1.63094

12	1	1.63885
12	2	1.63186
12	3	1.62229
12	4	1.62313
12	5	1.62072
12	6	1.61832
12	7	1.61785
12	8	1.6166
12	9	1.61595
12	10	1.61574
12	11	1.61477
12	12	1.61453
12	13	1.6142
12	14	1.6139
12	15	1.61374
12	16	1.61359
