1	1	1.62911
1	2	1.63409
1	3	1.62961
1	4	1.61585
1	5	1.61664
1	6	1.61509
1	7	1.61016
1	8	1.61049
1	9	1.60972
1	10	1.60799
1	11	1.60805
1	12	1.60752
1	13	1.6072
1	14	1.60722
1	15	1.60729
1	16	1.60781

2	1	1.62313
2	2	1.62615
2	3	1.62255
2	4	1.6085
2	5	1.60907
2	6	1.60785
2	7	1.60285
2	8	1.60286
2	9	1.60251
2	10	1.60082
2	11	1.60063
2	12	1.60039
2	13	1.60009
2	14	1.60019
2	15	1.60053
2	16	1.6014

3	1	1.61071
3	2	1.61253
3	3	1.60842
3	4	1.59569
3	5	1.5961
3	6	1.59469
3	7	1.59002
3	8	1.58977
3	9	1.58954
3	10	1.58772
3	11	1.58743
3	12	1.58727
3	13	1.5869
3	14	1.587
3	15	1.58741
3	16	1.58843

4	1	1.59404
4	2	1.59062
4	3	1.58455
4	4	1.57574
4	5	1.57459
4	6	1.57201
4	7	1.56865
4	8	1.56783
4	9	1.56711
4	10	1.56561
4	11	1.56505
4	12	1.56459
4	13	1.56422
4	14	1.56424
4	15	1.56469
4	16	1.56594

5	1	1.59484
5	2	1.59332
5	3	1.58696
5	4	1.57401
5	5	1.57266
5	6	1.57036
5	7	1.56566
5	8	1.56496
5	9	1.56462
5	10	1.56298
5	11	1.56245
5	12	1.56236
5	13	1.56206
5	14	1.56221
5	15	1.56285
5	16	1.56433

6	1	1.59484
6	2	1.59332
6	3	1.58696
6	4	1.57401
6	5	1.57266
6	6	1.57036
6	7	1.56566
6	8	1.56496
6	9	1.56462
6	10	1.56298
6	11	1.56245
6	12	1.56236
6	13	1.56206
6	14	1.56221
6	15	1.56285
6	16	1.56433

7	1	1.59149
7	2	1.59285
7	3	1.58749
7	4	1.57373
7	5	1.57322
7	6	1.57131
7	7	1.56678
7	8	1.56651
7	9	1.5663
7	10	1.56489
7	11	1.5645
7	12	1.56447
7	13	1.56421
7	14	1.5644
7	15	1.56495
7	16	1.56616

8	1	1.58855
8	2	1.5878
8	3	1.58359
8	4	1.57425
8	5	1.57364
8	6	1.57256
8	7	1.56959
8	8	1.56861
8	9	1.56851
8	10	1.56695
8	11	1.56658
8	12	1.56637
8	13	1.56603
8	14	1.56615
8	15	1.56668
8	16	1.5677

9	1	1.57936
9	2	1.57341
9	3	1.57152
9	4	1.56883
9	5	1.56676
9	6	1.56654
9	7	1.56514
9	8	1.56448
9	9	1.5642
9	10	1.5634
9	11	1.56306
9	12	1.56292
9	13	1.56273
9	14	1.56278
9	15	1.56312
9	16	1.56397

10	1	1.58098
10	2	1.57542
10	3	1.57408
10	4	1.57163
10	5	1.56926
10	6	1.56915
10	7	1.56793
10	8	1.5671
10	9	1.56675
10	10	1.56607
10	11	1.56568
10	12	1.56558
10	13	1.56542
10	14	1.56549
10	15	1.56582
10	16	1.56665

11	1	1.59427
11	2	1.58998
11	3	1.58569
11	4	1.57713
11	5	1.57554
11	6	1.57392
11	7	1.57094
11	8	1.56941
11	9	1.56865
11	10	1.56733
11	11	1.56674
11	12	1.56642
11	13	1.56602
11	14	1.56611
11	15	1.56662
11	16	1.56801

12	1	1.58123
12	2	1.57514
12	3	1.5756
12	4	1.57312
12	5	1.57091
12	6	1.57099
12	7	1.57001
12	8	1.56957
12	9	1.56931
12	10	1.56859
12	11	1.56844
12	12	1.56842
12	13	1.56844
12	14	1.56873
12	15	1.56925
12	16	1.57015