1	1	1.79513
1	2	1.76179
1	3	1.74614
1	4	1.74513
1	5	1.74144
1	6	1.73673
1	7	1.73601
1	8	1.73463
1	9	1.73299
1	10	1.73263
1	11	1.73233
1	12	1.73194
1	13	1.73237
1	14	1.73339
1	15	1.7356
1	16	1.73982

2	1	1.79169
2	2	1.75769
2	3	1.74254
2	4	1.74142
2	5	1.73792
2	6	1.73326
2	7	1.73248
2	8	1.73124
2	9	1.72966
2	10	1.7293
2	11	1.72909
2	12	1.72871
2	13	1.72912
2	14	1.7302
2	15	1.73232
2	16	1.73646

3	1	1.78616
3	2	1.75126
3	3	1.73717
3	4	1.73693
3	5	1.7323
3	6	1.72832
3	7	1.72799
3	8	1.72627
3	9	1.72495
3	10	1.72477
3	11	1.72438
3	12	1.72413
3	13	1.72464
3	14	1.72573
3	15	1.72771
3	16	1.73138

4	1	1.75013
4	2	1.73944
4	3	1.72303
4	4	1.72052
4	5	1.7196
4	6	1.71619
4	7	1.71562
4	8	1.71466
4	9	1.71357
4	10	1.7134
4	11	1.71318
4	12	1.71313
4	13	1.71352
4	14	1.71433
4	15	1.71587
4	16	1.71888

5	1	1.78817
5	2	1.7476
5	3	1.73007
5	4	1.72877
5	5	1.7248
5	6	1.72035
5	7	1.7197
5	8	1.71814
5	9	1.71678
5	10	1.71661
5	11	1.71627
5	12	1.7161
5	13	1.71645
5	14	1.7173
5	15	1.71886
5	16	1.72176

6	1	1.78817
6	2	1.7476
6	3	1.73007
6	4	1.72877
6	5	1.7248
6	6	1.72035
6	7	1.7197
6	8	1.71814
6	9	1.71678
6	10	1.71661
6	11	1.71627
6	12	1.7161
6	13	1.71645
6	14	1.7173
6	15	1.71886
6	16	1.72176

7	1	1.79247
7	2	1.74532
7	3	1.72934
7	4	1.72929
7	5	1.72431
7	6	1.72087
7	7	1.72035
7	8	1.71866
7	9	1.71775
7	10	1.71756
7	11	1.71721
7	12	1.71709
7	13	1.71737
7	14	1.71809
7	15	1.71941
7	16	1.72172

8	1	1.7416
8	2	1.73399
8	3	1.71969
8	4	1.71804
8	5	1.71677
8	6	1.71425
8	7	1.71382
8	8	1.71311
8	9	1.71234
8	10	1.71226
8	11	1.71207
8	12	1.71209
8	13	1.71246
8	14	1.71316
8	15	1.71452
8	16	1.71688

9	1	1.71971
9	2	1.72138
9	3	1.71594
9	4	1.71329
9	5	1.71347
9	6	1.71252
9	7	1.71196
9	8	1.71194
9	9	1.71148
9	10	1.71137
9	11	1.71139
9	12	1.71147
9	13	1.71184
9	14	1.71254
9	15	1.71381
9	16	1.71606

10	1	1.72012
10	2	1.72174
10	3	1.71648
10	4	1.71393
10	5	1.71396
10	6	1.71312
10	7	1.71258
10	8	1.71249
10	9	1.71204
10	10	1.71196
10	11	1.71199
10	12	1.71205
10	13	1.7124
10	14	1.71308
10	15	1.71437
10	16	1.71659

11	1	1.74268
11	2	1.73701
11	3	1.72219
11	4	1.71862
11	5	1.71856
11	6	1.71518
11	7	1.71435
11	8	1.71379
11	9	1.71247
11	10	1.7123
11	11	1.71201
11	12	1.71191
11	13	1.71239
11	14	1.71342
11	15	1.71527
11	16	1.71884

12	1	1.72289
12	2	1.72293
12	3	1.72057
12	4	1.71839
12	5	1.71823
12	6	1.71797
12	7	1.71746
12	8	1.71744
12	9	1.71718
12	10	1.71706
12	11	1.7171
12	12	1.71719
12	13	1.71745
12	14	1.71814
12	15	1.71939
12	16	1.72152