1	1	1.93426
1	2	1.92235
1	3	1.90921
1	4	1.90276
1	5	1.89999
1	6	1.89962
1	7	1.89995
1	8	1.89891
1	9	1.89793
1	10	1.89773
1	11	1.89769
1	12	1.89764
1	13	1.89815
1	14	1.89926
1	15	1.90129
1	16	1.90473

2	1	1.93025
2	2	1.92017
2	3	1.9064
2	4	1.89982
2	5	1.89708
2	6	1.89669
2	7	1.89705
2	8	1.89605
2	9	1.89504
2	10	1.89484
2	11	1.89476
2	12	1.89473
2	13	1.89523
2	14	1.89636
2	15	1.89843
2	16	1.90192

3	1	1.92647
3	2	1.9156
3	3	1.9037
3	4	1.89708
3	5	1.89462
3	6	1.89425
3	7	1.89458
3	8	1.89362
3	9	1.89254
3	10	1.89224
3	11	1.89214
3	12	1.89191
3	13	1.8923
3	14	1.89323
3	15	1.89524
3	16	1.89892

4	1	1.90618
4	2	1.90487
4	3	1.89888
4	4	1.89506
4	5	1.89354
4	6	1.8929
4	7	1.89303
4	8	1.89203
4	9	1.89112
4	10	1.89088
4	11	1.89082
4	12	1.89072
4	13	1.89121
4	14	1.89213
4	15	1.89382
4	16	1.89666

5	1	1.92977
5	2	1.9189
5	3	1.90385
5	4	1.89628
5	5	1.89431
5	6	1.89374
5	7	1.89398
5	8	1.89281
5	9	1.89176
5	10	1.8916
5	11	1.89159
5	12	1.89145
5	13	1.89193
5	14	1.89283
5	15	1.89449
5	16	1.89734

6	1	1.92977
6	2	1.9189
6	3	1.90385
6	4	1.89628
6	5	1.89431
6	6	1.89374
6	7	1.89398
6	8	1.89281
6	9	1.89176
6	10	1.8916
6	11	1.89159
6	12	1.89145
6	13	1.89193
6	14	1.89283
6	15	1.89449
6	16	1.89734

7	1	1.92679
7	2	1.92168
7	3	1.90214
7	4	1.89514
7	5	1.89385
7	6	1.89368
7	7	1.89413
7	8	1.89291
7	9	1.89206
7	10	1.89188
7	11	1.89185
7	12	1.89167
7	13	1.89205
7	14	1.8928
7	15	1.89409
7	16	1.89631

8	1	1.90141
8	2	1.90075
8	3	1.8965
8	4	1.89378
8	5	1.89295
8	6	1.89304
8	7	1.8932
8	8	1.89213
8	9	1.8913
8	10	1.89104
8	11	1.891
8	12	1.89088
8	13	1.89127
8	14	1.89208
8	15	1.89343
8	16	1.89562

9	1	1.89448
9	2	1.89485
9	3	1.89442
9	4	1.89289
9	5	1.89209
9	6	1.89222
9	7	1.89209
9	8	1.89209
9	9	1.8919
9	10	1.89186
9	11	1.89187
9	12	1.89202
9	13	1.89252
9	14	1.89339
9	15	1.89484
9	16	1.89717

10	1	1.89433
10	2	1.89463
10	3	1.89433
10	4	1.89289
10	5	1.8921
10	6	1.89226
10	7	1.89211
10	8	1.89217
10	9	1.892
10	10	1.89197
10	11	1.89197
10	12	1.89207
10	13	1.89254
10	14	1.89341
10	15	1.89487
10	16	1.89713

11	1	1.90371
11	2	1.90423
11	3	1.90087
11	4	1.89618
11	5	1.89404
11	6	1.89295
11	7	1.89283
11	8	1.89193
11	9	1.89099
11	10	1.89062
11	11	1.89048
11	12	1.89035
11	13	1.8909
11	14	1.8921
11	15	1.89443
11	16	1.89866

12	1	1.89754
12	2	1.90033
12	3	1.89933
12	4	1.89785
12	5	1.89711
12	6	1.89675
12	7	1.89691
12	8	1.89691
12	9	1.89724
12	10	1.89719
12	11	1.89726
12	12	1.89743
12	13	1.89792
12	14	1.89872
12	15	1.89982
12	16	1.90155