1	1	1.85504
1	2	1.85417
1	3	1.85352
1	4	1.84331
1	5	1.84223
1	6	1.84234
1	7	1.84288
1	8	1.84375
1	9	1.84711
1	10	1.85374
1	11	1.8622
1	12	1.87208
1	13	1.8862
1	14	1.89988
1	15	1.91464
1	16	1.92973

2	1	1.84277
2	2	1.84125
2	3	1.83463
2	4	1.83029
2	5	1.82996
2	6	1.8305
2	7	1.83116
2	8	1.83224
2	9	1.83539
2	10	1.84136
2	11	1.84929
2	12	1.85927
2	13	1.87198
2	14	1.88587
2	15	1.90064
2	16	1.91594

3	1	1.86231
3	2	1.86199
3	3	1.85515
3	4	1.8533
3	5	1.85363
3	6	1.85406
3	7	1.85471
3	8	1.85656
3	9	1.8596
3	10	1.86579
3	11	1.87317
3	12	1.88251
3	13	1.89499
3	14	1.90802
3	15	1.9205
3	16	1.93462

4	1	1.84972
4	2	1.84994
4	3	1.8507
4	4	1.85015
4	5	1.84994
4	6	1.8507
4	7	1.85157
4	8	1.85417
4	9	1.8571
4	10	1.86231
4	11	1.86872
4	12	1.87599
4	13	1.88783
4	14	1.90172
4	15	1.91464
4	16	1.92919

5	1	1.90672
5	2	1.89184
5	3	1.88891
5	4	1.88945
5	5	1.88956
5	6	1.88891
5	7	1.89
5	8	1.89217
5	9	1.89315
5	10	1.89662
5	11	1.90161
5	12	1.90769
5	13	1.91475
5	14	1.92528
5	15	1.93625
5	16	1.94754

6	1	1.90672
6	2	1.89184
6	3	1.88891
6	4	1.88945
6	5	1.88956
6	6	1.88891
6	7	1.89
6	8	1.89217
6	9	1.89315
6	10	1.89662
6	11	1.90161
6	12	1.90769
6	13	1.91475
6	14	1.92528
6	15	1.93625
6	16	1.94754

7	1	1.90693
7	2	1.89217
7	3	1.88945
7	4	1.89021
7	5	1.89021
7	6	1.88945
7	7	1.89043
7	8	1.89304
7	9	1.89488
7	10	1.8976
7	11	1.90129
7	12	1.9078
7	13	1.91681
7	14	1.92626
7	15	1.93722
7	16	1.94851

8	1	1.85059
8	2	1.85081
8	3	1.85146
8	4	1.85124
8	5	1.85102
8	6	1.85135
8	7	1.85265
8	8	1.85493
8	9	1.85764
8	10	1.86275
8	11	1.86904
8	12	1.87719
8	13	1.88891
8	14	1.90324
8	15	1.9154
8	16	1.92941

9	1	1.85591
9	2	1.85602
9	3	1.85623
9	4	1.85699
9	5	1.85775
9	6	1.85786
9	7	1.85895
9	8	1.86123
9	9	1.86546
9	10	1.8698
9	11	1.87675
9	12	1.88641
9	13	1.89553
9	14	1.90813
9	15	1.92083
9	16	1.93429

10	1	1.8558
10	2	1.8558
10	3	1.85623
10	4	1.8571
10	5	1.85754
10	6	1.85775
10	7	1.85873
10	8	1.86047
10	9	1.86448
10	10	1.87013
10	11	1.87751
10	12	1.88652
10	13	1.89586
10	14	1.90834
10	15	1.92137
10	16	1.93494

11	1	1.85059
11	2	1.85059
11	3	1.85211
11	4	1.84994
11	5	1.84929
11	6	1.8507
11	7	1.85189
11	8	1.85428
11	9	1.85678
11	10	1.86242
11	11	1.8685
11	12	1.87664
11	13	1.88869
11	14	1.90205
11	15	1.91377
11	16	1.92908

12	1	1.84179
12	2	1.84179
12	3	1.84234
12	4	1.8431
12	5	1.84342
12	6	1.8444
12	7	1.84559
12	8	1.84809
12	9	1.85102
12	10	1.85547
12	11	1.86079
12	12	1.86839
12	13	1.87816
12	14	1.89032
12	15	1.9027
12	16	1.91594
